
294639
294304
294217
294303
294278
294419
294404
294403
294405
294408
294330
294406
294326
294407
294327
294325
294331
294339
294340
294334
294337
294335
294341
294333
294332
294338
294310
294320
294307
294309
294312
294323
294314
294306
294324
294308
294256
294271
294257
294343
294344
294252
294342
294305
294255
294298
294374
294229
294357
294216
294360
294361
294397
294359
294356
294358
294345
294351
294346
294353
294349
294347
294350
294354
294348
294352
294259
294264
294263
294260
294258
294140
294162
294238
294262
294265
294207
294268
294269
294254
294270
294239
294240
294242
294266
294267
294247
294246
294249
294210
